            method       pi1       pi2       pi3     beta1      beta3    lambda1    lambda2       lambda3      dQbeta1
122             EM 0.1253666 0.6190899 0.2555435 1.5561676 78.5736712 1.04030266 0.02573379 2.882355e-152 8.881784e-16
100           DAEM 0.3333532 0.3332935 0.3333532 0.9455428  0.9455428 0.02746699 0.02181788  2.746699e-02 2.842171e-13
1001       Barrier 0.1266822 0.6177689 0.2555490 1.0000000 78.5699392 1.04600458 0.02569040 2.930628e-152 2.095023e+00
1002          DHEM 0.1266822 0.6177689 0.2555490 1.0000000 78.5699392 1.04600458 0.02569040 2.930628e-152 2.095023e+00
10   Adaptive DHEM 0.2405080 0.5054851 0.2540070 0.5659985 78.0918479 0.26105555 0.02503973 2.459335e-151 2.775962e-06
           dQbeta3
122  -7.105427e-15
100  -2.842171e-14
1001 -1.289280e-10
1002 -1.289280e-10
10   -6.700195e-08
